version 2
run General-0-20220118-16:19:37-483
attr configname General
attr datetime 20220118-16:19:37
attr experiment General
attr inifile omnetpp.ini
attr iterationvars ""
attr iterationvarsf ""
attr measurement ""
attr network Tictoc8
attr processid 483
attr repetition 0
attr replication #0
attr resultdir results
attr runnumber 0
attr seedset 0

vector 0 Tictoc8.nod3 denborak ETV
vector 1 Tictoc8.nod3 jauziak ETV
vector 2 Tictoc8.nod4 denborak ETV
vector 3 Tictoc8.nod4 jauziak ETV
0	13	1.236380194242	0.787
0	41	2.582165379024	0.977
0	73	4.187365379024	1.605
0	83	4.431565379024	0.244
0	95	5.201765379024	0.77
0	137	8.514165379024	0.162
0	139	8.720365379024	0.206
0	141	8.782565379024	0.062
0	163	9.787765379024	1.005
0	217	12.860565379024	1.11
0	239	13.664765379024	0.804
0	333	18.381365379024	0.18
0	347	19.439565379024	1.058
0	429	24.188965379024	0.858
0	501	28.049565379024	0.46
0	563	31.968365379024	2.649
0	733	41.009965379024	0.236
0	753	42.065165379024	1.055
0	765	42.523365379024	0.458
0	779	43.095565379024	0.572
0	825	44.921565379024	0.071
0	831	45.294765379024	0.373
0	841	45.529965379024	0.235
0	867	46.667165379024	1.137
0	897	48.515565379024	0.769
0	993	53.841765379024	0.507
0	997	54.133965379024	0.292
0	1003	54.259165379024	0.125
0	1005	54.400365379024	0.141
0	1057	57.668565379024	3.268
0	1107	60.404165379024	1.537
0	1129	61.588565379024	0.351
0	1177	63.526965379024	0.16
0	1189	63.836565379024	0.102
0	1213	65.323765379024	1.487
0	1389	74.651365379024	0.084
0	1393	74.662565379024	0.011
0	1397	74.977765379024	0.315
0	1429	76.126965379024	1.149
0	1541	81.529965379024	2.632
0	1653	86.684565379024	0.562
0	1659	86.891765379024	0.207
0	1681	87.860165379024	0.61
0	1845	99.052765379024	0.612
0	2093	113.632165379024	3.033
0	2123	114.980565379024	0.953
0	2157	116.803965379024	0.86
0	2173	117.330165379024	0.526
0	2333	128.132365379024	4.547
0	2607	145.124765379024	2.982
0	2761	153.483165379024	0.276
0	2785	154.646365379024	1.163
0	2829	156.796965379024	0.363
0	2853	158.280365379024	1.202
0	2877	159.178765379024	0.803
0	3125	172.286365379024	1.449
0	3235	178.223965379024	0.86
0	3259	179.284565379024	0.254
0	3271	179.752765379024	0.468
0	3301	182.669365379024	1.037
0	3371	187.724165379024	0.964
0	3569	197.675765379024	3.941
0	3571	197.715965379024	0.04
0	3587	198.859165379024	1.143
0	3765	209.370765379024	0.752
0	3771	209.573165379024	0.101
0	3789	210.036365379024	0.463
0	3933	218.249765379024	3.739
0	3953	219.732965379024	1.483
0	4011	222.869965379024	1.608
0	4015	222.994165379024	0.124
0	4017	223.103365379024	0.109
0	4029	223.620565379024	0.517
0	4063	225.645965379024	0.166
0	4121	229.177165379024	3.531
0	4195	232.922965379024	0.29
0	4291	238.486765379024	0.731
0	4395	244.201565379024	0.588
0	4401	244.309765379024	0.108
0	4405	244.742965379024	0.433
0	4453	246.817165379024	2.074
0	4457	247.019365379024	0.202
0	4495	250.157765379024	1.954
0	4521	252.609165379024	2.257
0	4535	253.261365379024	0.652
0	4555	254.513765379024	0.05
0	4583	256.856965379024	2.343
0	4605	258.157165379024	1.3
0	4759	268.456765379024	1.086
0	4783	269.929965379024	1.473
0	4925	278.041565379024	0.428
0	5009	282.750365379024	0.237
0	5019	283.127565379024	0.377
0	5057	285.805965379024	1.483
0	5069	286.146365379024	0.105
0	5095	287.834565379024	1.688
0	5219	295.130365379024	0.343
0	5261	297.039765379024	1.308
0	5349	301.957365379024	0.894
0	5479	309.505765379024	1.636
0	5495	310.219365379024	0.012
0	5497	310.263565379024	0.044
0	5501	310.534765379024	0.271
0	5603	316.969765379024	0.339
0	5637	319.070565379024	0.746
0	5639	319.094765379024	0.024
0	5641	319.107965379024	0.013
0	5645	319.313165379024	0.205
0	5719	323.180565379024	0.128
0	5723	323.581765379024	0.401
0	5751	324.732965379024	1.151
0	5789	326.112765379024	0.505
0	5803	326.817965379024	0.705
0	5853	329.931165379024	3.113
0	5891	331.548565379024	0.973
0	5897	331.875965379024	0.019
0	5913	333.440165379024	1.564
0	5967	336.272565379024	1.416
0	6035	339.374565379024	0.123
0	6047	339.927765379024	0.553
0	6093	342.286365379024	1.192
0	6095	342.393565379024	0.107
0	6117	344.258765379024	1.865
0	6121	344.530965379024	0.272
0	6145	345.997165379024	1.466
0	6201	348.649365379024	2.652
0	6221	349.774765379024	0.816
0	6317	355.578165379024	4.042
0	6339	356.426565379024	0.298
0	6443	361.243965379024	1.278
0	6523	364.803165379024	0.185
0	6581	367.352565379024	1.159
0	6597	368.582765379024	1.23
0	6629	371.104365379024	1.457
0	6635	371.352565379024	0.248
0	6637	371.377765379024	0.025
0	6669	373.666965379024	2.289
0	6683	374.317165379024	0.65
0	6699	375.350365379024	1.033
0	6821	382.255965379024	0.3
0	6825	382.470165379024	0.214
0	6943	388.667165379024	0.51
0	6967	389.685765379024	0.505
0	6989	390.736165379024	0.525
0	6999	391.501365379024	0.765
0	7001	392.110565379024	0.609
0	7003	392.178765379024	0.068
0	7017	392.645965379024	0.467
0	7203	403.292565379024	1.7
0	7345	411.080165379024	2.26
0	7475	418.629165379024	0.047
0	7513	421.765365379024	3.136
0	7537	422.937765379024	0.475
0	7601	426.678365379024	0.82
0	7605	426.770765379024	0.046
0	7643	428.898965379024	2.128
0	7829	439.454765379024	0.811
0	8025	451.274565379024	0.149
0	8031	451.489765379024	0.215
0	8125	457.898965379024	6.409
0	8219	463.477965379024	0.431
0	8233	463.776165379024	0.298
0	8363	471.705965379024	2.9
0	8553	483.432765379024	1.464
0	8613	486.101765379024	1.72
0	8623	486.567965379024	0.466
0	8651	487.818165379024	1.25
0	8749	493.477365379024	2.469
0	8897	501.802765379024	1.052
0	8953	505.525165379024	0.54
0	8965	506.007365379024	0.482
0	8991	507.108165379024	0.055
0	8999	507.308365379024	0.2
0	9093	513.832965379024	4.517
0	9117	515.256565379024	0.078
0	9155	516.890765379024	1.634
0	9183	518.547965379024	1.657
0	9193	519.316165379024	0.768
0	9299	523.915965379024	0.564
0	9313	525.513165379024	1.597
0	9351	527.502765379024	0.337
0	9367	527.878165379024	0.116
0	9369	527.902365379024	0.024
0	9387	528.444765379024	0.271
0	9549	538.271965379024	2.214
0	9703	546.238965379024	0.554
0	9749	548.977365379024	1.832
0	9827	553.494565379024	4.517
0	9855	555.337165379024	0.416
0	10017	566.279565379024	3.412
0	10065	568.670165379024	2.078
0	10175	575.719765379024	1.196
0	10239	578.591765379024	0.335
0	10315	583.657965379024	0.936
0	10331	584.190165379024	0.532
0	10641	599.479965379024	2.766
0	10793	608.851965379024	2.766
0	10825	610.224565379024	0.817
0	11015	621.128765379024	2.562
0	11085	624.754565379024	1.208
0	11111	626.266365379024	0.015
0	11113	626.272565379024	0.006
0	11131	627.144765379024	0.872
0	11135	627.736965379024	0.592
0	11277	635.483965379024	0.176
0	11299	637.790165379024	2.306
0	11301	637.980365379024	0.19
0	11303	638.019565379024	0.039
0	11307	638.170765379024	0.151
0	11315	638.593965379024	0.423
0	11349	640.937165379024	2.343
0	11429	644.351565379024	2.137
0	11461	646.580165379024	0.5
0	11475	647.338565379024	0.47
0	11503	649.175765379024	1.837
0	11539	652.018565379024	1.219
0	11689	660.709765379024	2.962
0	11767	665.532165379024	3.409
0	11785	666.670565379024	0.044
0	11799	667.771765379024	1.101
0	11833	670.320965379024	2.549
0	11895	672.782165379024	0.101
0	11915	673.606365379024	0.824
0	12117	686.266365379024	2.554
0	12135	688.215565379024	1.949
0	12237	692.404965379024	0.043
0	12245	692.698165379024	0.293
0	12261	693.577365379024	0.879
0	12309	697.000565379024	3.423
0	12355	700.566165379024	0.925
0	12453	705.188765379024	0.163
0	12461	705.568965379024	0.38
0	12485	706.456165379024	0.887
0	12543	709.480365379024	3.024
0	12553	709.804565379024	0.324
0	12701	718.103565379024	1.369
0	12811	723.727765379024	0.224
0	12845	725.667165379024	0.456
0	12859	726.449365379024	0.782
0	12885	727.525765379024	0.871
0	12933	729.843965379024	2.318
0	12983	733.132365379024	2.409
0	13015	734.998565379024	1.866
0	13219	744.040565379024	2.186
0	13291	748.277165379024	2.115
0	13295	748.732365379024	0.455
0	13299	749.076565379024	0.344
0	13405	754.622765379024	5.546
0	13617	766.853365379024	8.561
0	13669	769.307165379024	0.152
0	13883	779.911165379024	2.177
0	13887	779.977565379024	0.033
0	13891	780.191765379024	0.214
0	14139	795.379765379024	0.663
0	14161	796.199965379024	0.82
0	14495	816.980365379024	0.249
0	14633	824.311565379024	0.48
0	14785	831.894965379024	0.175
0	14985	843.489165379024	0.07
0	15011	844.908365379024	1.419
0	15187	853.734165379024	0.694
0	15201	854.603365379024	0.869
0	15227	856.277765379024	1.055
0	15345	862.492965379024	1.149
0	15733	885.278565379024	3.609
0	15767	887.466165379024	0.482
0	15771	887.559365379024	0.093
0	15773	887.642565379024	0.083
0	15797	889.623765379024	1.981
0	15845	892.855565379024	0.607
0	15849	892.869765379024	0.014
0	15861	893.814965379024	0.945
0	15919	895.993965379024	0.526
0	15965	898.735765379024	0.778
0	16061	902.366165379024	1.34
0	16107	905.690365379024	3.324
0	16229	913.272365379024	3.659
0	16235	913.654565379024	0.382
0	16295	918.109965379024	0.222
0	16315	919.008165379024	0.898
0	16457	925.819765379024	0.603
0	16469	926.758965379024	0.939
0	16521	928.931365379024	0.38
0	16545	929.734565379024	0.803
0	16551	930.053765379024	0.319
0	16557	930.452965379024	0.399
0	16719	939.915165379024	0.178
0	16745	941.316365379024	1.401
0	16889	948.544765379024	2.014
0	16915	949.729965379024	1.185
0	17067	956.748965379024	4.342
0	17109	958.454165379024	1.705
0	17171	961.948365379024	3.494
0	17343	972.770365379024	1.694
0	17595	983.425765379024	0.858
0	17665	986.204565379024	0.996
0	17767	991.843765379024	0.043
0	17771	991.979965379024	0.136
0	17809	993.889165379024	1.909
0	17881	997.618765379024	1.092
1	13	1.236380194242	2
1	41	2.582165379024	3
1	73	4.187365379024	2
1	83	4.431565379024	2
1	95	5.201765379024	3
1	137	8.514165379024	2
1	139	8.720365379024	4
1	141	8.782565379024	2
1	163	9.787765379024	3
1	217	12.860565379024	4
1	239	13.664765379024	2
1	333	18.381365379024	2
1	347	19.439565379024	3
1	429	24.188965379024	2
1	501	28.049565379024	3
1	563	31.968365379024	3
1	733	41.009965379024	4
1	753	42.065165379024	2
1	765	42.523365379024	2
1	779	43.095565379024	2
1	825	44.921565379024	2
1	831	45.294765379024	2
1	841	45.529965379024	2
1	867	46.667165379024	2
1	897	48.515565379024	2
1	993	53.841765379024	3
1	997	54.133965379024	2
1	1003	54.259165379024	2
1	1005	54.400365379024	2
1	1057	57.668565379024	2
1	1107	60.404165379024	2
1	1129	61.588565379024	4
1	1177	63.526965379024	2
1	1189	63.836565379024	2
1	1213	65.323765379024	2
1	1389	74.651365379024	2
1	1393	74.662565379024	2
1	1397	74.977765379024	2
1	1429	76.126965379024	2
1	1541	81.529965379024	3
1	1653	86.684565379024	2
1	1659	86.891765379024	2
1	1681	87.860165379024	2
1	1845	99.052765379024	2
1	2093	113.632165379024	2
1	2123	114.980565379024	2
1	2157	116.803965379024	3
1	2173	117.330165379024	2
1	2333	128.132365379024	2
1	2607	145.124765379024	3
1	2761	153.483165379024	2
1	2785	154.646365379024	3
1	2829	156.796965379024	2
1	2853	158.280365379024	2
1	2877	159.178765379024	2
1	3125	172.286365379024	3
1	3235	178.223965379024	2
1	3259	179.284565379024	3
1	3271	179.752765379024	3
1	3301	182.669365379024	3
1	3371	187.724165379024	2
1	3569	197.675765379024	2
1	3571	197.715965379024	2
1	3587	198.859165379024	3
1	3765	209.370765379024	2
1	3771	209.573165379024	2
1	3789	210.036365379024	3
1	3933	218.249765379024	2
1	3953	219.732965379024	2
1	4011	222.869965379024	3
1	4015	222.994165379024	2
1	4017	223.103365379024	2
1	4029	223.620565379024	2
1	4063	225.645965379024	2
1	4121	229.177165379024	2
1	4195	232.922965379024	3
1	4291	238.486765379024	3
1	4395	244.201565379024	2
1	4401	244.309765379024	2
1	4405	244.742965379024	2
1	4453	246.817165379024	2
1	4457	247.019365379024	2
1	4495	250.157765379024	2
1	4521	252.609165379024	3
1	4535	253.261365379024	2
1	4555	254.513765379024	2
1	4583	256.856965379024	3
1	4605	258.157165379024	2
1	4759	268.456765379024	3
1	4783	269.929965379024	2
1	4925	278.041565379024	2
1	5009	282.750365379024	2
1	5019	283.127565379024	2
1	5057	285.805965379024	2
1	5069	286.146365379024	2
1	5095	287.834565379024	2
1	5219	295.130365379024	2
1	5261	297.039765379024	2
1	5349	301.957365379024	2
1	5479	309.505765379024	2
1	5495	310.219365379024	2
1	5497	310.263565379024	2
1	5501	310.534765379024	4
1	5603	316.969765379024	2
1	5637	319.070565379024	2
1	5639	319.094765379024	2
1	5641	319.107965379024	2
1	5645	319.313165379024	2
1	5719	323.180565379024	2
1	5723	323.581765379024	2
1	5751	324.732965379024	2
1	5789	326.112765379024	2
1	5803	326.817965379024	2
1	5853	329.931165379024	2
1	5891	331.548565379024	3
1	5897	331.875965379024	2
1	5913	333.440165379024	3
1	5967	336.272565379024	2
1	6035	339.374565379024	2
1	6047	339.927765379024	2
1	6093	342.286365379024	3
1	6095	342.393565379024	2
1	6117	344.258765379024	2
1	6121	344.530965379024	3
1	6145	345.997165379024	2
1	6201	348.649365379024	4
1	6221	349.774765379024	2
1	6317	355.578165379024	2
1	6339	356.426565379024	2
1	6443	361.243965379024	3
1	6523	364.803165379024	2
1	6581	367.352565379024	2
1	6597	368.582765379024	2
1	6629	371.104365379024	2
1	6635	371.352565379024	2
1	6637	371.377765379024	2
1	6669	373.666965379024	2
1	6683	374.317165379024	4
1	6699	375.350365379024	2
1	6821	382.255965379024	2
1	6825	382.470165379024	2
1	6943	388.667165379024	3
1	6967	389.685765379024	2
1	6989	390.736165379024	2
1	6999	391.501365379024	3
1	7001	392.110565379024	4
1	7003	392.178765379024	3
1	7017	392.645965379024	3
1	7203	403.292565379024	2
1	7345	411.080165379024	3
1	7475	418.629165379024	3
1	7513	421.765365379024	2
1	7537	422.937765379024	2
1	7601	426.678365379024	3
1	7605	426.770765379024	2
1	7643	428.898965379024	2
1	7829	439.454765379024	2
1	8025	451.274565379024	2
1	8031	451.489765379024	2
1	8125	457.898965379024	2
1	8219	463.477965379024	2
1	8233	463.776165379024	2
1	8363	471.705965379024	3
1	8553	483.432765379024	2
1	8613	486.101765379024	2
1	8623	486.567965379024	2
1	8651	487.818165379024	2
1	8749	493.477365379024	2
1	8897	501.802765379024	2
1	8953	505.525165379024	2
1	8965	506.007365379024	2
1	8991	507.108165379024	2
1	8999	507.308365379024	2
1	9093	513.832965379024	2
1	9117	515.256565379024	3
1	9155	516.890765379024	2
1	9183	518.547965379024	3
1	9193	519.316165379024	4
1	9299	523.915965379024	2
1	9313	525.513165379024	2
1	9351	527.502765379024	2
1	9367	527.878165379024	2
1	9369	527.902365379024	2
1	9387	528.444765379024	2
1	9549	538.271965379024	2
1	9703	546.238965379024	3
1	9749	548.977365379024	2
1	9827	553.494565379024	2
1	9855	555.337165379024	2
1	10017	566.279565379024	2
1	10065	568.670165379024	2
1	10175	575.719765379024	2
1	10239	578.591765379024	2
1	10315	583.657965379024	2
1	10331	584.190165379024	2
1	10641	599.479965379024	3
1	10793	608.851965379024	2
1	10825	610.224565379024	2
1	11015	621.128765379024	2
1	11085	624.754565379024	2
1	11111	626.266365379024	2
1	11113	626.272565379024	2
1	11131	627.144765379024	2
1	11135	627.736965379024	3
1	11277	635.483965379024	2
1	11299	637.790165379024	2
1	11301	637.980365379024	2
1	11303	638.019565379024	3
1	11307	638.170765379024	3
1	11315	638.593965379024	3
1	11349	640.937165379024	2
1	11429	644.351565379024	4
1	11461	646.580165379024	2
1	11475	647.338565379024	2
1	11503	649.175765379024	2
1	11539	652.018565379024	2
1	11689	660.709765379024	2
1	11767	665.532165379024	2
1	11785	666.670565379024	2
1	11799	667.771765379024	2
1	11833	670.320965379024	2
1	11895	672.782165379024	3
1	11915	673.606365379024	2
1	12117	686.266365379024	3
1	12135	688.215565379024	4
1	12237	692.404965379024	3
1	12245	692.698165379024	3
1	12261	693.577365379024	2
1	12309	697.000565379024	2
1	12355	700.566165379024	2
1	12453	705.188765379024	3
1	12461	705.568965379024	3
1	12485	706.456165379024	3
1	12543	709.480365379024	2
1	12553	709.804565379024	2
1	12701	718.103565379024	2
1	12811	723.727765379024	2
1	12845	725.667165379024	2
1	12859	726.449365379024	2
1	12885	727.525765379024	2
1	12933	729.843965379024	2
1	12983	733.132365379024	2
1	13015	734.998565379024	2
1	13219	744.040565379024	3
1	13291	748.277165379024	2
1	13295	748.732365379024	2
1	13299	749.076565379024	2
1	13405	754.622765379024	2
1	13617	766.853365379024	3
1	13669	769.307165379024	2
1	13883	779.911165379024	2
1	13887	779.977565379024	4
1	13891	780.191765379024	2
1	14139	795.379765379024	2
1	14161	796.199965379024	2
1	14495	816.980365379024	4
1	14633	824.311565379024	2
1	14785	831.894965379024	2
1	14985	843.489165379024	3
1	15011	844.908365379024	2
1	15187	853.734165379024	2
1	15201	854.603365379024	2
1	15227	856.277765379024	3
1	15345	862.492965379024	2
1	15733	885.278565379024	2
1	15767	887.466165379024	3
1	15771	887.559365379024	2
1	15773	887.642565379024	2
1	15797	889.623765379024	2
1	15845	892.855565379024	2
1	15849	892.869765379024	2
1	15861	893.814965379024	2
1	15919	895.993965379024	2
1	15965	898.735765379024	2
1	16061	902.366165379024	2
1	16107	905.690365379024	2
1	16229	913.272365379024	4
1	16235	913.654565379024	2
1	16295	918.109965379024	2
1	16315	919.008165379024	2
1	16457	925.819765379024	2
1	16469	926.758965379024	2
1	16521	928.931365379024	3
1	16545	929.734565379024	3
1	16551	930.053765379024	2
1	16557	930.452965379024	2
1	16719	939.915165379024	3
1	16745	941.316365379024	2
1	16889	948.544765379024	2
1	16915	949.729965379024	2
1	17067	956.748965379024	2
1	17109	958.454165379024	2
1	17171	961.948365379024	2
1	17343	972.770365379024	3
1	17595	983.425765379024	2
1	17665	986.204565379024	3
1	17767	991.843765379024	3
1	17771	991.979965379024	3
1	17809	993.889165379024	2
1	17881	997.618765379024	2
2	21	1.465145029356	0.318
2	33	2.304345029356	0.839
2	51	3.060862221343	1.672
2	57	3.348545029356	1.044
2	63	3.636062221343	0.575
2	121	7.596204316193	0.459
2	131	8.351965379024	3.15
2	153	9.455404316193	1.859
2	155	9.513604316193	0.058
2	165	9.912965379024	0.125
2	167	10.131804316193	0.618
2	177	10.554165379024	0.641
2	179	10.706004316193	0.574
2	199	11.750365379024	1.196
2	233	13.593004316193	0.597
2	237	13.632204316193	0.039
2	241	13.739404316193	0.107
2	249	14.382604316193	0.643
2	255	14.623965379024	0.959
2	259	14.794804316193	0.412
2	261	14.799165379024	0.175
2	287	16.143365379024	1.344
2	289	16.182565379024	0.039
2	293	16.514765379024	0.332
2	305	17.148404316193	1.123
2	307	17.249604316193	0.101
2	309	17.387804316193	0.138
2	323	18.020965379024	1.506
2	339	19.108004316193	1.72
2	355	19.746765379024	0.307
2	363	20.281965379024	0.535
2	367	20.534165379024	0.252
2	389	22.450604316193	0.004
2	395	22.552804316193	0.102
2	399	22.668365379024	2.134
2	401	22.766565379024	0.098
2	409	23.058004316193	0.505
2	415	23.330765379024	0.564
2	417	23.609204316193	0.551
2	419	23.628404316193	0.019
2	435	24.482604316193	0.854
2	463	26.457165379024	2.268
2	479	27.069404316193	1.059
2	483	27.589365379024	1.132
2	505	28.335765379024	0.286
2	507	28.367965379024	0.032
2	529	29.319165379024	0.951
2	571	32.475565379024	0.507
2	581	32.917965379024	0.206
2	609	34.307804316193	0.177
2	615	34.440004316193	0.132
2	623	35.044204316193	0.604
2	631	35.807165379024	2.889
2	653	36.980404316193	1.936
2	657	37.152365379024	1.345
2	711	40.204565379024	3.052
2	719	40.469804316193	0.857
2	727	40.773765379024	0.569
2	781	43.104765379024	0.009
2	789	43.409965379024	0.305
2	793	43.430165379024	0.02
2	801	44.267404316193	1.309
2	817	44.850365379024	1.42
2	849	45.801804316193	0.674
2	883	47.746365379024	1.079
2	905	49.191404316193	1.841
2	917	49.830804316193	0.314
2	921	50.114765379024	1.599
2	927	50.456965379024	0.342
2	945	51.648165379024	1.191
2	959	52.182404316193	1.312
2	985	53.334565379024	0.843
2	1075	58.398765379024	0.73
2	1085	58.866965379024	0.468
2	1099	59.843604316193	0.896
2	1123	61.237365379024	0.833
2	1171	63.366765379024	1.778
2	1185	63.632165379024	0.105
2	1215	65.339965379024	0.016
2	1217	65.365165379024	0.025
2	1275	68.642404316193	0.622
2	1279	68.844604316193	0.202
2	1283	69.114365379024	3.749
2	1285	69.513804316193	0.669
2	1313	71.187565379024	2.073
2	1339	72.295765379024	1.108
2	1341	72.334004316193	2.82
2	1347	72.609204316193	0.275
2	1351	72.939404316193	0.33
2	1361	73.257965379024	0.962
2	1367	73.603604316193	0.664
2	1385	74.567165379024	1.309
2	1419	75.732804316193	2.129
2	1421	75.746004316193	0.013
2	1431	76.182165379024	0.055
2	1433	76.200365379024	0.018
2	1449	76.916565379024	0.716
2	1453	77.037204316193	1.291
2	1459	77.442404316193	0.405
2	1473	77.964604316193	0.522
2	1479	78.057804316193	0.093
2	1499	78.897765379024	1.981
2	1517	79.929404316193	0.815
2	1523	80.148604316193	0.219
2	1543	81.596165379024	0.066
2	1573	83.174365379024	1.578
2	1575	83.316565379024	0.142
2	1581	83.424004316193	0.932
2	1585	83.983204316193	0.559
2	1599	84.609765379024	1.293
2	1601	84.767965379024	0.158
2	1625	86.066165379024	1.298
2	1631	86.122365379024	0.056
2	1667	87.249965379024	0.358
2	1685	88.059365379024	0.199
2	1705	89.253565379024	1.194
2	1721	90.761765379024	1.508
2	1781	94.555965379024	3.794
2	1791	95.171165379024	0.615
2	1793	95.308365379024	0.137
2	1805	96.303204316193	2.224
2	1835	98.440565379024	3.132
2	1855	100.231965379024	1.179
2	1877	101.823165379024	1.591
2	1897	104.026404316193	0.274
2	1907	104.637604316193	0.611
2	1919	105.021365379024	3.198
2	1927	105.529565379024	0.508
2	1955	107.565765379024	2.036
2	1999	109.990404316193	1.64
2	2007	110.429604316193	0.439
2	2027	111.213004316193	0.512
2	2037	111.599404316193	0.015
2	2041	111.669604316193	0.07
2	2043	111.681804316193	0.012
2	2071	112.934004316193	1.252
2	2081	113.387404316193	0.161
2	2085	113.434604316193	0.047
2	2089	113.494804316193	0.06
2	2101	114.027365379024	0.395
2	2113	114.356204316193	0.271
2	2127	115.220604316193	0.446
2	2143	115.943765379024	0.963
2	2163	116.954204316193	0.744
2	2185	118.342404316193	1.388
2	2207	120.402604316193	2.06
2	2209	120.644804316193	0.242
2	2211	120.675004316193	0.03
2	2213	120.682204316193	0.007
2	2237	121.970365379024	4.64
2	2247	122.310565379024	0.34
2	2253	122.695765379024	0.385
2	2257	123.234404316193	2.552
2	2259	123.246965379024	0.551
2	2265	123.585165379024	0.338
2	2267	123.754604316193	0.52
2	2299	125.748804316193	1.994
2	2317	127.037204316193	0.504
2	2321	127.443404316193	0.406
2	2339	128.419604316193	0.976
2	2345	128.560565379024	0.428
2	2375	131.574765379024	3.014
2	2383	131.899965379024	0.325
2	2389	132.088165379024	0.188
2	2395	132.432004316193	3.039
2	2409	132.971365379024	0.883
2	2413	133.023204316193	0.591
2	2417	133.127565379024	0.156
2	2477	137.298804316193	2.384
2	2485	137.644004316193	0.345
2	2499	138.041204316193	0.397
2	2501	138.312765379024	5.185
2	2507	138.452965379024	0.14
2	2515	139.350165379024	0.897
2	2551	141.564204316193	0.934
2	2555	141.620365379024	2.27
2	2563	142.142565379024	0.522
2	2565	142.213404316193	0.649
2	2573	142.489604316193	0.276
2	2611	145.234965379024	0.11
2	2621	145.663165379024	0.428
2	2647	146.902365379024	1.239
2	2663	148.141565379024	1.239
2	2673	148.607765379024	0.466
2	2691	149.363965379024	0.756
2	2703	149.664365379024	0.024
2	2727	151.282204316193	0.738
2	2729	151.755565379024	2.091
2	2731	151.792404316193	0.51
2	2745	152.943765379024	1.188
2	2753	153.206965379024	0.263
2	2757	153.397604316193	1.605
2	2769	153.743804316193	0.346
2	2771	153.867004316193	0.123
2	2791	154.979204316193	1.112
2	2803	155.563565379024	0.917
2	2825	156.433765379024	0.87
2	2839	157.078165379024	0.281
2	2857	158.375565379024	0.095
2	2891	159.706965379024	0.528
2	2909	160.486165379024	0.779
2	2929	162.052804316193	0.422
2	2933	162.257365379024	1.771
2	2937	162.449565379024	0.192
2	2939	162.623765379024	0.174
2	2951	162.797965379024	0.174
2	2953	162.822004316193	0.769
2	2971	163.880165379024	1.082
2	2983	164.460365379024	0.58
2	2991	164.685604316193	0.545
2	2993	164.825804316193	0.14
2	2995	165.159004316193	0.333
2	2997	165.242204316193	0.083
2	3013	166.127404316193	0.885
2	3017	166.349604316193	0.222
2	3031	166.843565379024	2.383
2	3067	168.969804316193	2.62
2	3073	169.468004316193	0.498
2	3087	170.451765379024	3.608
2	3089	170.533965379024	0.082
2	3091	170.612204316193	1.144
2	3101	170.837165379024	0.303
2	3187	176.174565379024	3.888
2	3199	176.515404316193	0.948
2	3205	176.833604316193	0.318
2	3209	176.913804316193	0.08
2	3215	177.363765379024	1.189
2	3241	178.524165379024	0.3
2	3251	178.871004316193	1.957
2	3255	179.030365379024	0.506
2	3275	180.185965379024	0.433
2	3337	185.561765379024	1.446
2	3349	186.759965379024	1.198
2	3385	188.540565379024	0.408
2	3389	188.699765379024	0.159
2	3409	189.709965379024	1.01
2	3421	190.600165379024	0.89
2	3439	191.754365379024	1.154
2	3457	192.385204316193	1.505
2	3491	193.734565379024	1.98
2	3505	194.235404316193	1.85
2	3543	196.606804316193	1.703
2	3565	197.523204316193	0.362
2	3581	198.317604316193	0.552
2	3589	198.961365379024	0.102
2	3619	200.337765379024	0.688
2	3623	200.613965379024	0.276
2	3627	200.780204316193	0.907
2	3629	200.799165379024	0.185
2	3631	200.845404316193	0.065
2	3639	202.100604316193	1.255
2	3655	202.527365379024	1.728
2	3663	203.421804316193	1.321
2	3667	203.518565379024	0.991
2	3687	204.525765379024	1.007
2	3697	205.092965379024	0.567
2	3713	206.483165379024	1.39
2	3715	206.512365379024	0.029
2	3757	208.618565379024	2.106
2	3797	210.731565379024	0.695
2	3801	210.791604316193	2.292
2	3805	210.855765379024	0.124
2	3827	212.516004316193	0.862
2	3833	212.668204316193	0.152
2	3839	212.860404316193	0.192
2	3843	212.976804316193	0.058
2	3847	213.382004316193	0.405
2	3851	213.504965379024	2.649
2	3853	213.769165379024	0.264
2	3855	213.802365379024	0.033
2	3871	214.510565379024	0.708
2	3877	214.683204316193	1.301
2	3923	217.106004316193	0.738
2	3939	218.796204316193	1.69
2	3945	218.969404316193	0.173
2	3955	219.788604316193	0.819
2	3957	220.058165379024	0.325
2	3963	220.441365379024	0.383
2	3969	220.913565379024	0.472
2	3977	221.261765379024	0.348
2	3997	222.053004316193	0.677
2	4003	222.313204316193	0.26
2	4019	223.211404316193	0.898
2	4055	225.364804316193	0.016
2	4057	225.386004316193	0.021
2	4059	225.479765379024	1.859
2	4087	226.785204316193	1.399
2	4091	226.989404316193	0.204
2	4095	227.127604316193	0.138
2	4103	227.507804316193	0.38
2	4137	230.195404316193	0.661
2	4143	230.289565379024	0.556
2	4145	230.459604316193	0.264
2	4155	231.001804316193	0.542
2	4187	232.632765379024	2.343
2	4201	233.200165379024	0.277
2	4219	233.843004316193	2.841
2	4259	236.286365379024	3.086
2	4279	237.755565379024	1.469
2	4309	239.167165379024	0.34
2	4311	239.286365379024	0.119
2	4345	241.980565379024	2.694
2	4353	242.489765379024	0.509
2	4361	242.678965379024	0.189
2	4363	242.795604316193	0.326
2	4373	243.102804316193	0.307
2	4383	243.613365379024	0.467
2	4389	243.831004316193	0.728
2	4417	245.037204316193	1.206
2	4471	248.203565379024	1.184
2	4475	248.428004316193	2.649
2	4491	249.957204316193	1.529
2	4499	250.351965379024	0.194
2	4533	253.237404316193	3.28
2	4551	254.463565379024	1.202
2	4619	259.448604316193	6.211
2	4633	260.724365379024	2.567
2	4681	264.026565379024	3.302
2	4687	264.883765379024	0.857
2	4691	264.987965379024	0.104
2	4701	265.382165379024	0.394
2	4711	266.055365379024	0.673
2	4729	267.370565379024	1.315
2	4745	268.012004316193	0.002
2	4765	269.029204316193	1.017
2	4791	270.272165379024	0.342
2	4801	270.716404316193	1.687
2	4823	271.782365379024	1.51
2	4845	272.878565379024	1.096
2	4853	273.848765379024	0.97
2	4869	274.537965379024	0.689
2	4881	275.526165379024	0.988
2	4887	275.896604316193	0.498
2	4915	277.613365379024	2.087
2	4927	278.168765379024	0.127
2	4967	280.159965379024	1.991
2	4997	282.015404316193	0.323
2	5005	282.513165379024	2.353
2	5033	284.322765379024	1.195
2	5063	286.041165379024	0.235
2	5073	286.638204316193	0.38
2	5101	288.188765379024	0.354
2	5119	289.468965379024	1.28
2	5121	289.540165379024	0.071
2	5143	290.764404316193	4.126
2	5149	291.070604316193	0.306
2	5155	291.291804316193	0.221
2	5167	291.986565379024	1.223
2	5171	292.358765379024	0.372
2	5205	294.377965379024	2.019
2	5211	294.787165379024	0.409
2	5239	295.731565379024	0.601
2	5315	300.329965379024	3.29
2	5327	301.063165379024	0.733
2	5357	302.205565379024	0.248
2	5377	303.180765379024	0.975
2	5389	303.672965379024	0.492
2	5391	303.744165379024	0.071
2	5417	305.832004316193	3.472
2	5419	305.857365379024	2.113
2	5457	307.869565379024	2.012
2	5467	309.009204316193	0.111
2	5485	309.724965379024	0.219
2	5493	310.207165379024	0.482
2	5503	310.634604316193	0.822
2	5507	310.760804316193	0.126
2	5523	311.821965379024	1.287
2	5541	313.040165379024	1.218
2	5553	313.545004316193	2.784
2	5597	316.630565379024	1.795
2	5609	317.358965379024	0.389
2	5617	318.065165379024	0.706
2	5621	318.324365379024	0.259
2	5647	319.323365379024	0.01
2	5649	319.354004316193	0.325
2	5659	320.556565379024	1.233
2	5671	320.927765379024	0.371
2	5693	321.947965379024	1.02
2	5711	322.622165379024	0.674
2	5737	324.322604316193	1.637
2	5761	325.039804316193	0.717
2	5763	325.163165379024	0.43
2	5769	325.315365379024	0.152
2	5781	325.607565379024	0.292
2	5825	328.170204316193	2.134
2	5845	329.562604316193	0.468
2	5851	329.833804316193	0.271
2	5865	330.575365379024	0.644
2	5895	331.856765379024	0.308
2	5923	333.764804316193	2.857
2	5977	336.862765379024	0.59
2	5991	337.280965379024	0.418
2	5993	337.292165379024	0.011
2	6029	339.251365379024	1.959
2	6031	339.263404316193	0.953
2	6059	340.132965379024	0.205
2	6069	341.094165379024	0.961
2	6103	343.283804316193	2.01
2	6105	343.647004316193	0.363
2	6107	343.728204316193	0.081
2	6113	344.066404316193	0.338
2	6137	345.411604316193	1.345
2	6149	346.279804316193	0.868
2	6205	348.958565379024	0.309
2	6251	351.535965379024	1.761
2	6265	352.670404316193	3.44
2	6283	353.707604316193	1.037
2	6289	354.053804316193	0.346
2	6319	355.678204316193	0.812
2	6333	356.128365379024	0.55
2	6349	356.868765379024	0.442
2	6357	357.172965379024	0.304
2	6385	358.684604316193	0.376
2	6387	358.908804316193	0.224
2	6395	359.189365379024	0.738
2	6403	359.545565379024	0.356
2	6407	359.672004316193	0.763
2	6411	359.965765379024	0.42
2	6415	360.290204316193	0.618
2	6441	361.037404316193	0.747
2	6451	361.494165379024	0.25
2	6469	362.719365379024	1.225
2	6491	363.503565379024	0.784
2	6495	363.612765379024	0.109
2	6517	364.617965379024	1.005
2	6549	365.946804316193	1.132
2	6553	366.193365379024	1.39
2	6605	369.153965379024	0.571
2	6613	369.647165379024	0.493
2	6627	371.084604316193	2.283
2	6649	372.184804316193	1.1
2	6665	373.532004316193	1.347
2	6689	374.842604316193	0.229
2	6709	375.640765379024	0.145
2	6711	375.942804316193	1.1
2	6717	376.190965379024	0.55
2	6733	377.107365379024	0.458
2	6777	379.879804316193	1.599
2	6785	380.212004316193	0.332
2	6787	380.305204316193	0.093
2	6801	381.224404316193	0.919
2	6813	381.955765379024	2.424
2	6841	382.979365379024	0.509
2	6863	384.427804316193	1.478
2	6919	387.361765379024	2.191
2	6933	388.156965379024	0.795
2	6945	388.994365379024	0.327
2	6953	389.180565379024	0.186
2	7005	392.184404316193	3.876
2	7065	395.224204316193	0.111
2	7083	396.408404316193	1.184
2	7091	396.677165379024	4.031
2	7099	396.822804316193	0.143
2	7155	400.498404316193	2.555
2	7173	401.391604316193	0.893
2	7215	404.266204316193	1.281
2	7293	408.207765379024	4.915
2	7305	408.819965379024	0.612
2	7313	409.198804316193	1.274
2	7349	411.307365379024	0.227
2	7351	411.311565379024	0.004
2	7367	412.402765379024	1.091
2	7373	412.466965379024	0.064
2	7389	413.309165379024	0.842
2	7399	413.748365379024	0.439
2	7405	414.626565379024	0.878
2	7407	414.705765379024	0.079
2	7437	416.399204316193	6.52
2	7441	416.557404316193	0.158
2	7473	418.581965379024	3.876
2	7477	419.072604316193	2.515
2	7521	421.937804316193	2.865
2	7527	422.462565379024	0.697
2	7555	424.479965379024	1.542
2	7583	425.506004316193	0.284
2	7595	425.858165379024	1.378
2	7663	429.386004316193	0.191
2	7667	430.023165379024	1.124
2	7671	430.424365379024	0.401
2	7673	430.476565379024	0.052
2	7677	430.703204316193	1.317
2	7681	430.862765379024	0.386
2	7683	430.887965379024	0.025
2	7699	432.028165379024	1.14
2	7723	432.911404316193	2.208
2	7767	435.883804316193	0.319
2	7787	436.582204316193	0.166
2	7797	437.567365379024	5.539
2	7799	437.695404316193	1.113
2	7811	438.643565379024	1.076
2	7861	441.653204316193	0.539
2	7873	442.232965379024	2.778
2	7877	442.288165379024	0.055
2	7887	442.769404316193	1.116
2	7913	443.778365379024	1.49
2	7937	445.368804316193	0.033
2	7939	445.482004316193	0.113
2	7969	447.641204316193	2.159
2	7985	448.933565379024	5.155
2	7991	449.351765379024	0.418
2	8003	449.862965379024	0.511
2	8011	450.375165379024	0.512
2	8023	451.125365379024	0.75
2	8087	455.516804316193	2.617
2	8101	456.060204316193	0.189
2	8113	456.740404316193	0.68
2	8131	458.487604316193	1.747
2	8139	458.600804316193	0.113
2	8147	459.471004316193	0.87
2	8175	460.880165379024	2.981
2	8181	461.230365379024	0.35
2	8193	461.796565379024	0.566
2	8213	463.046765379024	1.25
2	8215	463.261404316193	2.156
2	8223	463.580604316193	0.319
2	8231	463.760804316193	0.18
2	8255	464.845365379024	1.069
2	8281	465.923565379024	1.078
2	8333	468.805765379024	2.882
2	8347	470.071804316193	1.963
2	8361	471.548004316193	1.476
2	8391	473.438604316193	0.124
2	8419	474.877165379024	3.171
2	8453	477.309365379024	2.432
2	8469	477.919565379024	0.61
2	8477	478.235765379024	0.316
2	8487	479.391965379024	1.156
2	8497	479.779165379024	0.387
2	8499	479.808365379024	0.029
2	8525	481.745404316193	0.517
2	8529	481.968565379024	2.16
2	8533	482.001604316193	0.256
2	8559	484.104965379024	0.672
2	8561	484.163165379024	0.058
2	8573	484.381565379024	0.109
2	8587	484.993404316193	0.03
2	8605	485.925604316193	0.932
2	8653	487.828204316193	1.532
2	8671	489.052365379024	1.234
2	8677	489.561565379024	0.509
2	8693	490.691965379024	0.565
2	8699	491.008165379024	0.316
2	8701	491.025404316193	3.197
2	8711	491.584804316193	0.225
2	8733	493.095004316193	1.51
2	8763	494.412565379024	0.935
2	8793	496.024204316193	2.929
2	8801	496.638965379024	1.113
2	8811	497.362165379024	0.723
2	8813	497.421365379024	0.059
2	8837	498.600004316193	0.235
2	8869	500.604204316193	2.004
2	8873	500.750565379024	3.329
2	8905	503.073965379024	1.271
2	8919	503.574365379024	0.25
2	8921	503.679565379024	0.105
2	8923	503.746765379024	0.067
2	8933	504.203804316193	0.307
2	8943	504.984965379024	1.238
2	8951	505.377004316193	1.173
2	8971	506.331565379024	0.324
2	8975	506.493765379024	0.162
2	8989	507.052965379024	0.559
2	9015	508.561604316193	0.934
2	9017	508.572565379024	1.264
2	9027	509.315765379024	0.743
2	9049	511.565204316193	0.302
2	9065	512.362404316193	0.797
2	9081	513.047604316193	0.685
2	9107	514.523165379024	0.69
2	9115	515.178365379024	0.655
2	9191	519.285404316193	1.15
2	9197	519.345604316193	0.06
2	9205	519.505804316193	0.16
2	9239	521.205365379024	1.889
2	9249	521.515565379024	0.31
2	9263	522.071404316193	1.737
2	9285	523.351765379024	1.836
2	9323	526.052004316193	0.68
2	9329	526.374365379024	0.861
2	9343	527.165565379024	0.791
2	9349	527.482204316193	1.43
2	9361	527.761965379024	0.259
2	9365	527.835404316193	0.353
2	9375	528.101804316193	0.133
2	9381	528.283004316193	0.181
2	9423	531.120204316193	2.837
2	9425	531.141165379024	1.348
2	9437	531.421365379024	0.28
2	9439	531.562565379024	0.141
2	9441	532.165765379024	0.603
2	9467	533.545965379024	1.38
2	9471	533.665165379024	0.119
2	9475	533.772365379024	0.107
2	9489	534.453565379024	0.681
2	9513	536.057765379024	1.604
2	9539	537.961804316193	4.814
2	9541	537.990004316193	0.028
2	9555	538.541165379024	0.269
2	9575	539.559204316193	1.569
2	9587	540.299404316193	0.74
2	9623	542.480565379024	3.385
2	9667	544.576004316193	0.644
2	9669	544.611204316193	0.035
2	9671	544.810404316193	0.199
2	9687	545.684765379024	3.204
2	9713	547.145165379024	0.906
2	9739	548.738004316193	0.861
2	9795	551.719804316193	0.063
2	9797	551.963004316193	0.243
2	9801	552.112204316193	0.149
2	9863	555.990804316193	1.281
2	9865	556.050365379024	0.713
2	9885	557.238565379024	1.188
2	9903	558.870004316193	2.879
2	9907	559.143765379024	1.905
2	9909	559.188965379024	0.045
2	9939	560.789604316193	0.339
2	9943	560.952165379024	1.763
2	9953	561.549804316193	0.76
2	9969	562.867365379024	1.915
2	10009	565.274004316193	3.724
2	10025	566.312765379024	0.033
2	10033	566.591965379024	0.279
2	10069	568.879365379024	0.209
2	10085	569.606565379024	0.727
2	10087	569.729765379024	0.123
2	10091	569.907965379024	0.178
2	10121	572.186165379024	2.278
2	10145	574.081365379024	1.895
2	10151	574.523565379024	0.442
2	10167	575.268004316193	0.525
2	10187	576.086965379024	0.367
2	10197	576.375165379024	0.288
2	10201	576.606365379024	0.231
2	10205	576.981204316193	1.713
2	10231	578.256565379024	1.65
2	10257	579.515604316193	1.901
2	10259	579.611965379024	1.02
2	10263	579.864804316193	0.349
2	10269	580.268165379024	0.656
2	10275	580.525004316193	0.66
2	10283	580.823204316193	0.298
2	10285	580.824365379024	0.556
2	10287	580.922565379024	0.098
2	10303	582.345604316193	0.971
2	10305	582.721765379024	1.799
2	10361	585.625365379024	1.435
2	10367	586.060565379024	0.435
2	10373	586.227765379024	0.167
2	10379	586.459965379024	0.232
2	10393	587.128165379024	0.668
2	10429	588.971365379024	1.843
2	10443	589.536565379024	0.565
2	10467	590.452765379024	0.916
2	10499	592.312965379024	1.86
2	10507	592.555165379024	0.242
2	10519	593.164604316193	0.515
2	10527	593.558804316193	0.394
2	10541	594.279604316193	0.029
2	10553	594.908365379024	2.353
2	10569	595.699565379024	0.791
2	10575	596.119004316193	1.624
2	10587	596.713765379024	1.014
2	10603	597.204404316193	0.346
2	10643	599.508165379024	0.028
2	10649	600.049365379024	0.541
2	10653	600.090404316193	0.724
2	10667	601.024565379024	0.975
2	10669	601.426604316193	1.336
2	10689	602.728765379024	1.704
2	10705	604.090965379024	1.362
2	10717	604.902165379024	0.811
2	10723	605.008365379024	0.106
2	10739	605.726565379024	0.718
2	10751	606.085765379024	0.359
2	10785	608.480204316193	2.472
2	10803	608.965165379024	0.113
2	10811	609.407365379024	0.442
2	10831	610.342765379024	0.118
2	10857	612.540965379024	2.198
2	10875	614.276204316193	0.66
2	10877	614.396404316193	0.12
2	10881	614.692604316193	0.296
2	10885	614.842165379024	2.301
2	10887	614.887365379024	0.045
2	10891	615.141565379024	0.254
2	10929	616.407765379024	1.266
2	10933	617.125965379024	0.718
2	10949	617.796365379024	0.335
2	10951	617.927804316193	0.677
2	10963	618.566565379024	0.77
2	10975	619.094604316193	0.297
2	11021	621.379165379024	0.125
2	11047	622.913204316193	3.35
2	11061	623.546365379024	2.167
2	11087	624.928765379024	0.174
2	11107	626.235965379024	1.307
2	11157	628.676165379024	0.939
2	11173	629.008365379024	0.332
2	11175	629.017565379024	0.009
2	11183	629.453604316193	3.27
2	11187	629.777765379024	0.76
2	11203	630.622004316193	0.042
2	11215	631.377204316193	0.755
2	11243	633.107965379024	3.33
2	11245	633.246165379024	0.138
2	11247	633.250365379024	0.004
2	11259	633.720565379024	0.47
2	11273	635.307765379024	1.587
2	11345	640.435204316193	0.14
2	11373	642.125604316193	0.285
2	11377	642.214365379024	1.277
2	11439	645.383765379024	1.032
2	11449	646.079965379024	0.696
2	11453	646.124204316193	2.464
2	11465	646.868365379024	0.288
2	11473	647.284404316193	1.16
2	11501	649.082804316193	0.081
2	11505	649.225004316193	0.142
2	11509	650.180165379024	0.502
2	11519	650.799365379024	0.619
2	11543	652.193404316193	1.484
2	11551	652.386604316193	0.193
2	11563	652.980804316193	0.594
2	11571	653.939765379024	1.921
2	11573	654.004965379024	0.065
2	11581	654.177365379024	0.086
2	11583	654.177565379024	0
2	11607	655.403965379024	0.613
2	11609	655.812604316193	1.614
2	11619	656.786165379024	1.382
2	11627	656.908365379024	0.122
2	11631	657.041204316193	0.061
2	11649	657.747565379024	0.839
2	11661	658.187404316193	1.146
2	11671	659.022604316193	0.835
2	11709	662.122965379024	1.413
2	11763	665.323404316193	2.416
2	11783	666.626365379024	1.094
2	11793	666.899004316193	0.095
2	11843	670.501165379024	0.18
2	11857	670.861204316193	3.962
2	11865	671.356365379024	0.855
2	11871	671.618565379024	0.262
2	11883	672.039765379024	0.421
2	11891	672.680965379024	0.641
2	11893	672.693004316193	0.282
2	11907	673.387204316193	0.694
2	11939	674.548565379024	0.942
2	11947	675.092604316193	0.728
2	11963	676.411804316193	1.319
2	11987	677.787204316193	0.808
2	12001	678.225765379024	3.677
2	12025	679.775965379024	1.55
2	12041	680.977604316193	2.74
2	12049	682.270804316193	1.293
2	12077	683.712165379024	3.936
2	12139	688.673765379024	0.458
2	12153	688.971165379024	0.254
2	12159	689.390365379024	0.419
2	12205	691.519565379024	2.129
2	12233	692.338004316193	0.072
2	12235	692.361765379024	0.842
2	12241	692.594204316193	0.256
2	12285	695.179404316193	2.585
2	12297	695.615604316193	0.436
2	12333	698.556765379024	1.556
2	12347	699.640965379024	1.084
2	12359	700.649365379024	0.083
2	12377	701.561404316193	2.188
2	12431	703.735004316193	0.624
2	12441	704.374204316193	0.639
2	12451	705.025565379024	4.376
2	12471	706.042404316193	1.668
2	12505	707.732604316193	1.69
2	12527	708.642004316193	0.206
2	12573	711.523765379024	1.719
2	12589	712.366965379024	0.843
2	12595	712.593165379024	0.226
2	12605	713.370365379024	0.777
2	12623	714.128565379024	0.758
2	12625	714.173604316193	0.229
2	12629	714.228804316193	0.055
2	12631	714.326765379024	0.198
2	12637	714.571965379024	0.245
2	12649	715.630165379024	1.058
2	12655	715.720004316193	1.491
2	12657	715.750204316193	0.03
2	12687	716.734365379024	1.104
2	12693	717.431404316193	1.681
2	12697	718.052604316193	0.621
2	12703	718.178765379024	0.075
2	12705	718.246804316193	0.194
2	12707	718.277004316193	0.03
2	12713	718.501965379024	0.323
2	12741	720.001165379024	1.499
2	12769	721.268604316193	1.335
2	12781	721.824804316193	0.556
2	12783	721.856365379024	1.855
2	12803	723.503565379024	1.647
2	12835	725.210965379024	1.483
2	12865	726.654565379024	0.205
2	12915	728.574204316193	2.089
2	12951	730.723165379024	0.879
2	13019	735.131804316193	1.38
2	13039	735.791765379024	0.793
2	13057	736.903965379024	1.112
2	13069	737.446165379024	0.542
2	13091	738.415365379024	0.969
2	13115	739.195804316193	0.617
2	13121	739.695565379024	1.28
2	13125	739.814765379024	0.119
2	13129	740.014004316193	0.818
2	13131	740.025965379024	0.211
2	13147	740.730404316193	0.102
2	13157	740.873165379024	0.847
2	13177	741.854365379024	0.981
2	13243	745.132604316193	0.478
2	13249	745.861765379024	1.821
2	13257	746.161965379024	0.3
2	13325	750.683204316193	1.288
2	13345	751.768404316193	1.085
2	13377	752.970004316193	0.211
2	13451	756.714965379024	2.092
2	13479	757.991204316193	5.021
2	13485	758.292165379024	1.577
2	13487	758.404404316193	0.413
2	13551	762.599004316193	3.072
2	13567	763.632404316193	0.113
2	13587	765.518604316193	1.886
2	13629	767.504565379024	0.651
2	13647	768.359765379024	0.855
2	13659	768.721204316193	1.268
2	13665	769.154965379024	0.795
2	13673	769.328365379024	0.021
2	13681	769.808565379024	0.48
2	13685	770.114765379024	0.306
2	13697	770.453965379024	0.339
2	13711	771.026165379024	0.572
2	13713	771.263604316193	0.637
2	13729	771.965365379024	0.939
2	13735	772.205565379024	0.24
2	13737	772.250765379024	0.045
2	13745	772.534965379024	0.284
2	13757	772.969165379024	0.434
2	13797	776.162365379024	3.193
2	13807	776.513565379024	0.351
2	13841	777.733965379024	0.61
2	13907	780.796965379024	0.605
2	13911	780.959165379024	0.162
2	13929	781.876365379024	0.917
2	13935	782.184804316193	0.597
2	13941	782.765565379024	0.889
2	13943	782.791765379024	0.026
2	13981	785.096604316193	1.255
2	13997	785.829965379024	3.038
2	14017	786.688804316193	1.592
2	14029	787.930165379024	2.1
2	14065	791.783365379024	3.853
2	14081	793.056804316193	2.055
2	14115	794.716565379024	2.933
2	14197	797.813165379024	1.613
2	14201	798.224204316193	0.594
2	14205	798.286365379024	0.473
2	14223	799.923404316193	1.699
2	14279	803.762565379024	5.476
2	14301	805.082765379024	1.32
2	14315	805.814004316193	1.27
2	14321	806.185204316193	0.371
2	14323	806.189965379024	1.107
2	14339	807.499404316193	1.314
2	14375	809.069165379024	2.879
2	14381	809.372604316193	1.873
2	14385	809.377365379024	0.308
2	14387	809.544804316193	0.172
2	14389	809.589565379024	0.212
2	14395	810.280004316193	0.735
2	14397	810.544765379024	0.955
2	14433	812.652965379024	2.108
2	14489	816.731165379024	4.078
2	14503	817.727565379024	0.747
2	14511	817.969404316193	5.824
2	14519	818.202604316193	0.233
2	14521	818.331965379024	0.302
2	14527	818.360365379024	0.014
2	14533	818.965565379024	0.605
2	14549	819.724765379024	0.759
2	14583	821.290965379024	1.566
2	14615	823.496165379024	2.205
2	14623	823.831365379024	0.335
2	14641	825.186004316193	1.182
2	14649	825.312765379024	1.001
2	14683	826.567965379024	1.255
2	14721	828.954804316193	0.844
2	14725	829.366004316193	0.411
2	14729	829.923165379024	3.355
2	14739	830.324365379024	0.401
2	14749	830.706204316193	1.34
2	14751	830.888404316193	0.182
2	14775	831.544565379024	1.22
2	14787	832.301604316193	1.413
2	14791	832.789165379024	0.894
2	14807	833.439004316193	0.082
2	14821	834.279365379024	1.49
2	14841	835.360565379024	1.081
2	14851	835.734765379024	0.374
2	14853	835.787204316193	2.348
2	14867	836.936604316193	0.197
2	14873	837.033804316193	0.097
2	14875	837.056004316193	0.022
2	14879	837.271965379024	1.537
2	14891	838.380204316193	1.324
2	14899	838.733404316193	0.353
2	14903	838.847165379024	1.575
2	14921	839.537604316193	0.804
2	14945	840.808004316193	0.802
2	14967	842.214365379024	3.367
2	14977	842.843565379024	0.629
2	14979	842.848765379024	0.005
2	14983	843.418965379024	0.57
2	14987	843.492204316193	2.684
2	14993	843.606404316193	0.114
2	15019	845.600565379024	0.692
2	15045	846.759765379024	1.159
2	15047	846.874965379024	0.115
2	15061	847.893165379024	1.018
2	15065	848.044365379024	0.151
2	15067	848.061565379024	0.017
2	15079	848.529204316193	1.173
2	15091	848.820765379024	0.759
2	15095	849.015965379024	0.195
2	15105	849.641165379024	0.625
2	15135	851.405365379024	1.764
2	15141	851.770565379024	0.365
2	15163	852.808765379024	1.038
2	15169	853.039965379024	0.231
2	15173	853.354004316193	0.491
2	15217	855.222565379024	0.619
2	15231	856.692965379024	0.415
2	15239	856.965165379024	0.272
2	15263	858.199804316193	1.197
2	15301	859.700365379024	2.735
2	15303	859.810004316193	1.61
2	15305	859.869565379024	0.169
2	15331	861.343765379024	1.474
2	15353	862.612165379024	0.119
2	15357	862.962365379024	0.35
2	15359	862.976004316193	0.402
2	15363	862.994204316193	0.018
2	15391	865.097565379024	2.135
2	15401	865.819765379024	0.722
2	15405	865.967965379024	0.148
2	15411	866.486404316193	3.492
2	15421	867.139165379024	1.171
2	15431	867.503365379024	0.364
2	15473	870.092565379024	2.589
2	15475	870.202765379024	0.11
2	15513	872.568965379024	2.366
2	15529	873.645004316193	0.334
2	15575	875.824004316193	0.893
2	15603	877.388365379024	1.21
2	15625	878.861565379024	1.473
2	15629	879.081765379024	0.22
2	15659	880.953965379024	1.872
2	15671	881.390165379024	0.436
2	15675	881.669365379024	0.279
2	15693	883.245404316193	0.491
2	15705	883.887604316193	0.642
2	15739	885.504204316193	0.559
2	15751	886.465765379024	1.187
2	15757	886.968404316193	1.464
2	15761	886.983965379024	0.518
2	15799	889.694604316193	2.726
2	15801	889.699965379024	0.076
2	15803	889.701804316193	0.007
2	15811	890.591004316193	0.889
2	15833	892.125165379024	2.425
2	15837	892.248365379024	0.123
2	15867	893.958165379024	0.143
2	15875	894.144365379024	0.186
2	15891	895.068565379024	0.924
2	15903	895.467765379024	0.399
2	15921	896.102165379024	0.108
2	15943	897.527365379024	1.425
2	15957	898.160004316193	1.752
2	15967	898.839204316193	0.679
2	15985	899.098604316193	0.15
2	15989	899.165965379024	0.43
2	15997	899.590165379024	0.424
2	15999	899.624365379024	0.034
2	16005	899.953565379024	0.329
2	16037	901.025965379024	0.536
2	16057	902.282804316193	3.184
2	16083	903.331004316193	1.048
2	16111	905.956565379024	0.266
2	16113	905.982765379024	0.026
2	16147	907.846804316193	0.271
2	16151	907.984004316193	0.137
2	16153	908.041204316193	0.057
2	16167	908.823965379024	2.841
2	16181	909.613165379024	0.789
2	16185	909.935404316193	1.894
2	16193	911.038604316193	1.103
2	16203	911.492804316193	0.454
2	16207	911.804004316193	0.311
2	16233	913.505204316193	1.701
2	16291	917.887765379024	4.233
2	16327	919.744565379024	0.368
2	16349	920.939765379024	1.195
2	16351	921.010965379024	0.071
2	16359	921.197804316193	2.85
2	16363	921.588004316193	0.39
2	16365	921.640204316193	0.052
2	16401	923.335404316193	1.695
2	16405	923.364165379024	2.353
2	16417	924.043365379024	0.679
2	16427	924.310604316193	0.975
2	16443	925.216565379024	1.173
2	16447	925.519004316193	0.924
2	16489	927.435404316193	0.561
2	16513	928.551165379024	1.792
2	16537	929.454804316193	0.072
2	16559	930.545165379024	0.092
2	16567	931.150365379024	0.605
2	16571	931.253204316193	0.838
2	16573	931.253565379024	0.103
2	16599	932.831765379024	1.578
2	16625	933.900965379024	1.069
2	16645	934.844165379024	0.943
2	16689	938.315365379024	3.471
2	16697	938.632565379024	0.317
2	16699	938.831765379024	0.199
2	16709	939.114404316193	0.11
2	16717	939.736965379024	0.905
2	16743	941.195004316193	0.442
2	16751	941.708204316193	0.513
2	16767	942.627404316193	0.919
2	16771	942.928604316193	0.301
2	16777	943.060565379024	1.744
2	16779	943.097804316193	0.169
2	16799	944.420004316193	1.322
2	16813	945.144765379024	2.084
2	16815	945.207965379024	0.063
2	16821	945.384165379024	0.176
2	16825	945.566365379024	0.182
2	16835	945.792204316193	1.372
2	16857	946.530565379024	0.964
2	16917	949.817165379024	0.087
2	16919	949.857604316193	3.355
2	16925	949.914365379024	0.097
2	16937	950.750565379024	0.836
2	16971	952.406765379024	1.656
2	17003	953.741004316193	1.53
2	17019	954.799404316193	0.529
2	17057	956.175604316193	1.376
2	17101	958.313004316193	0.525
2	17135	960.290204316193	1.977
2	17139	960.708404316193	0.418
2	17155	961.218604316193	0.51
2	17185	962.515565379024	0.567
2	17207	963.840765379024	1.325
2	17213	964.356404316193	0.844
2	17263	966.470965379024	2.63
2	17267	966.484165379024	0.013
2	17277	967.509404316193	1.236
2	17281	967.566365379024	1.082
2	17287	967.701565379024	0.135
2	17289	967.783604316193	0.274
2	17293	968.208804316193	0.425
2	17297	968.267765379024	0.566
2	17303	968.805965379024	0.538
2	17325	971.076165379024	2.27
2	17353	973.056565379024	0.286
2	17355	973.199204316193	2.495
2	17371	973.822804316193	0.177
2	17417	976.240765379024	3.184
2	17421	976.410204316193	0.929
2	17439	976.887965379024	0.647
2	17443	976.901165379024	0.013
2	17465	978.231404316193	1.821
2	17477	978.869365379024	1.968
2	17483	979.076565379024	0.207
2	17487	979.179765379024	0.103
2	17489	979.339965379024	0.16
2	17519	980.510165379024	1.17
2	17523	980.599365379024	0.089
2	17525	980.656004316193	0.647
2	17551	981.534204316193	0.878
2	17573	982.567565379024	1.968
2	17597	983.530965379024	0.105
2	17609	983.983165379024	0.452
2	17611	984.013004316193	0.126
2	17643	985.208365379024	1.225
2	17697	988.525765379024	2.321
2	17725	990.075965379024	1.55
2	17735	990.413204316193	0.434
2	17737	990.508165379024	0.432
2	17751	990.836365379024	0.328
2	17765	991.800565379024	0.964
2	17839	995.351365379024	1.462
2	17853	996.526565379024	1.175
2	17899	998.074965379024	0.456
2	17919	999.162204316193	0.902
3	21	1.465145029356	2
3	33	2.304345029356	2
3	51	3.060862221343	2
3	57	3.348545029356	2
3	63	3.636062221343	3
3	121	7.596204316193	2
3	131	8.351965379024	2
3	153	9.455404316193	3
3	155	9.513604316193	3
3	165	9.912965379024	4
3	167	10.131804316193	2
3	177	10.554165379024	2
3	179	10.706004316193	2
3	199	11.750365379024	2
3	233	13.593004316193	3
3	237	13.632204316193	2
3	241	13.739404316193	2
3	249	14.382604316193	2
3	255	14.623965379024	3
3	259	14.794804316193	2
3	261	14.799165379024	2
3	287	16.143365379024	2
3	289	16.182565379024	2
3	293	16.514765379024	2
3	305	17.148404316193	2
3	307	17.249604316193	2
3	309	17.387804316193	3
3	323	18.020965379024	3
3	339	19.108004316193	3
3	355	19.746765379024	2
3	363	20.281965379024	3
3	367	20.534165379024	2
3	389	22.450604316193	2
3	395	22.552804316193	3
3	399	22.668365379024	2
3	401	22.766565379024	3
3	409	23.058004316193	2
3	415	23.330765379024	2
3	417	23.609204316193	2
3	419	23.628404316193	2
3	435	24.482604316193	2
3	463	26.457165379024	2
3	479	27.069404316193	2
3	483	27.589365379024	3
3	505	28.335765379024	3
3	507	28.367965379024	2
3	529	29.319165379024	2
3	571	32.475565379024	2
3	581	32.917965379024	2
3	609	34.307804316193	2
3	615	34.440004316193	2
3	623	35.044204316193	2
3	631	35.807165379024	2
3	653	36.980404316193	2
3	657	37.152365379024	2
3	711	40.204565379024	3
3	719	40.469804316193	3
3	727	40.773765379024	2
3	781	43.104765379024	3
3	789	43.409965379024	2
3	793	43.430165379024	2
3	801	44.267404316193	2
3	817	44.850365379024	2
3	849	45.801804316193	2
3	883	47.746365379024	3
3	905	49.191404316193	3
3	917	49.830804316193	3
3	921	50.114765379024	2
3	927	50.456965379024	3
3	945	51.648165379024	3
3	959	52.182404316193	2
3	985	53.334565379024	3
3	1075	58.398765379024	2
3	1085	58.866965379024	2
3	1099	59.843604316193	3
3	1123	61.237365379024	2
3	1171	63.366765379024	3
3	1185	63.632165379024	2
3	1215	65.339965379024	2
3	1217	65.365165379024	3
3	1275	68.642404316193	2
3	1279	68.844604316193	2
3	1283	69.114365379024	4
3	1285	69.513804316193	2
3	1313	71.187565379024	2
3	1339	72.295765379024	3
3	1341	72.334004316193	2
3	1347	72.609204316193	2
3	1351	72.939404316193	2
3	1361	73.257965379024	2
3	1367	73.603604316193	2
3	1385	74.567165379024	3
3	1419	75.732804316193	3
3	1421	75.746004316193	2
3	1431	76.182165379024	3
3	1433	76.200365379024	3
3	1449	76.916565379024	2
3	1453	77.037204316193	3
3	1459	77.442404316193	2
3	1473	77.964604316193	2
3	1479	78.057804316193	2
3	1499	78.897765379024	2
3	1517	79.929404316193	2
3	1523	80.148604316193	2
3	1543	81.596165379024	3
3	1573	83.174365379024	3
3	1575	83.316565379024	2
3	1581	83.424004316193	3
3	1585	83.983204316193	3
3	1599	84.609765379024	2
3	1601	84.767965379024	2
3	1625	86.066165379024	2
3	1631	86.122365379024	2
3	1667	87.249965379024	2
3	1685	88.059365379024	2
3	1705	89.253565379024	2
3	1721	90.761765379024	2
3	1781	94.555965379024	3
3	1791	95.171165379024	2
3	1793	95.308365379024	2
3	1805	96.303204316193	3
3	1835	98.440565379024	2
3	1855	100.231965379024	4
3	1877	101.823165379024	2
3	1897	104.026404316193	2
3	1907	104.637604316193	2
3	1919	105.021365379024	2
3	1927	105.529565379024	2
3	1955	107.565765379024	2
3	1999	109.990404316193	3
3	2007	110.429604316193	2
3	2027	111.213004316193	2
3	2037	111.599404316193	2
3	2041	111.669604316193	2
3	2043	111.681804316193	2
3	2071	112.934004316193	3
3	2081	113.387404316193	3
3	2085	113.434604316193	2
3	2089	113.494804316193	2
3	2101	114.027365379024	2
3	2113	114.356204316193	2
3	2127	115.220604316193	3
3	2143	115.943765379024	2
3	2163	116.954204316193	2
3	2185	118.342404316193	2
3	2207	120.402604316193	3
3	2209	120.644804316193	3
3	2211	120.675004316193	2
3	2213	120.682204316193	2
3	2237	121.970365379024	2
3	2247	122.310565379024	2
3	2253	122.695765379024	3
3	2257	123.234404316193	2
3	2259	123.246965379024	2
3	2265	123.585165379024	2
3	2267	123.754604316193	2
3	2299	125.748804316193	3
3	2317	127.037204316193	3
3	2321	127.443404316193	2
3	2339	128.419604316193	2
3	2345	128.560565379024	2
3	2375	131.574765379024	2
3	2383	131.899965379024	3
3	2389	132.088165379024	2
3	2395	132.432004316193	2
3	2409	132.971365379024	3
3	2413	133.023204316193	2
3	2417	133.127565379024	3
3	2477	137.298804316193	2
3	2485	137.644004316193	3
3	2499	138.041204316193	2
3	2501	138.312765379024	2
3	2507	138.452965379024	2
3	2515	139.350165379024	2
3	2551	141.564204316193	2
3	2555	141.620365379024	2
3	2563	142.142565379024	2
3	2565	142.213404316193	2
3	2573	142.489604316193	2
3	2611	145.234965379024	2
3	2621	145.663165379024	2
3	2647	146.902365379024	2
3	2663	148.141565379024	2
3	2673	148.607765379024	2
3	2691	149.363965379024	2
3	2703	149.664365379024	2
3	2727	151.282204316193	2
3	2729	151.755565379024	3
3	2731	151.792404316193	2
3	2745	152.943765379024	2
3	2753	153.206965379024	3
3	2757	153.397604316193	3
3	2769	153.743804316193	3
3	2771	153.867004316193	2
3	2791	154.979204316193	2
3	2803	155.563565379024	2
3	2825	156.433765379024	4
3	2839	157.078165379024	3
3	2857	158.375565379024	2
3	2891	159.706965379024	2
3	2909	160.486165379024	2
3	2929	162.052804316193	2
3	2933	162.257365379024	2
3	2937	162.449565379024	2
3	2939	162.623765379024	2
3	2951	162.797965379024	2
3	2953	162.822004316193	2
3	2971	163.880165379024	2
3	2983	164.460365379024	2
3	2991	164.685604316193	3
3	2993	164.825804316193	3
3	2995	165.159004316193	3
3	2997	165.242204316193	2
3	3013	166.127404316193	3
3	3017	166.349604316193	2
3	3031	166.843565379024	2
3	3067	168.969804316193	2
3	3073	169.468004316193	2
3	3087	170.451765379024	3
3	3089	170.533965379024	3
3	3091	170.612204316193	2
3	3101	170.837165379024	3
3	3187	176.174565379024	2
3	3199	176.515404316193	2
3	3205	176.833604316193	3
3	3209	176.913804316193	3
3	3215	177.363765379024	3
3	3241	178.524165379024	3
3	3251	178.871004316193	2
3	3255	179.030365379024	2
3	3275	180.185965379024	2
3	3337	185.561765379024	2
3	3349	186.759965379024	2
3	3385	188.540565379024	2
3	3389	188.699765379024	2
3	3409	189.709965379024	3
3	3421	190.600165379024	2
3	3439	191.754365379024	2
3	3457	192.385204316193	2
3	3491	193.734565379024	2
3	3505	194.235404316193	2
3	3543	196.606804316193	2
3	3565	197.523204316193	2
3	3581	198.317604316193	2
3	3589	198.961365379024	2
3	3619	200.337765379024	2
3	3623	200.613965379024	2
3	3627	200.780204316193	2
3	3629	200.799165379024	2
3	3631	200.845404316193	2
3	3639	202.100604316193	2
3	3655	202.527365379024	2
3	3663	203.421804316193	2
3	3667	203.518565379024	3
3	3687	204.525765379024	2
3	3697	205.092965379024	2
3	3713	206.483165379024	2
3	3715	206.512365379024	2
3	3757	208.618565379024	2
3	3797	210.731565379024	2
3	3801	210.791604316193	2
3	3805	210.855765379024	2
3	3827	212.516004316193	2
3	3833	212.668204316193	2
3	3839	212.860404316193	2
3	3843	212.976804316193	2
3	3847	213.382004316193	2
3	3851	213.504965379024	3
3	3853	213.769165379024	3
3	3855	213.802365379024	3
3	3871	214.510565379024	2
3	3877	214.683204316193	2
3	3923	217.106004316193	2
3	3939	218.796204316193	3
3	3945	218.969404316193	3
3	3955	219.788604316193	2
3	3957	220.058165379024	3
3	3963	220.441365379024	2
3	3969	220.913565379024	2
3	3977	221.261765379024	2
3	3997	222.053004316193	2
3	4003	222.313204316193	2
3	4019	223.211404316193	2
3	4055	225.364804316193	3
3	4057	225.386004316193	2
3	4059	225.479765379024	2
3	4087	226.785204316193	2
3	4091	226.989404316193	2
3	4095	227.127604316193	2
3	4103	227.507804316193	2
3	4137	230.195404316193	2
3	4143	230.289565379024	2
3	4145	230.459604316193	2
3	4155	231.001804316193	2
3	4187	232.632765379024	3
3	4201	233.200165379024	2
3	4219	233.843004316193	2
3	4259	236.286365379024	2
3	4279	237.755565379024	2
3	4309	239.167165379024	2
3	4311	239.286365379024	2
3	4345	241.980565379024	2
3	4353	242.489765379024	3
3	4361	242.678965379024	2
3	4363	242.795604316193	2
3	4373	243.102804316193	2
3	4383	243.613365379024	2
3	4389	243.831004316193	3
3	4417	245.037204316193	2
3	4471	248.203565379024	2
3	4475	248.428004316193	2
3	4491	249.957204316193	2
3	4499	250.351965379024	2
3	4533	253.237404316193	2
3	4551	254.463565379024	3
3	4619	259.448604316193	2
3	4633	260.724365379024	2
3	4681	264.026565379024	2
3	4687	264.883765379024	3
3	4691	264.987965379024	3
3	4701	265.382165379024	2
3	4711	266.055365379024	3
3	4729	267.370565379024	2
3	4745	268.012004316193	2
3	4765	269.029204316193	2
3	4791	270.272165379024	2
3	4801	270.716404316193	3
3	4823	271.782365379024	2
3	4845	272.878565379024	3
3	4853	273.848765379024	2
3	4869	274.537965379024	2
3	4881	275.526165379024	2
3	4887	275.896604316193	2
3	4915	277.613365379024	2
3	4927	278.168765379024	2
3	4967	280.159965379024	2
3	4997	282.015404316193	2
3	5005	282.513165379024	3
3	5033	284.322765379024	4
3	5063	286.041165379024	3
3	5073	286.638204316193	2
3	5101	288.188765379024	2
3	5119	289.468965379024	4
3	5121	289.540165379024	2
3	5143	290.764404316193	2
3	5149	291.070604316193	2
3	5155	291.291804316193	2
3	5167	291.986565379024	2
3	5171	292.358765379024	2
3	5205	294.377965379024	3
3	5211	294.787165379024	2
3	5239	295.731565379024	3
3	5315	300.329965379024	3
3	5327	301.063165379024	3
3	5357	302.205565379024	2
3	5377	303.180765379024	2
3	5389	303.672965379024	3
3	5391	303.744165379024	2
3	5417	305.832004316193	3
3	5419	305.857365379024	2
3	5457	307.869565379024	4
3	5467	309.009204316193	3
3	5485	309.724965379024	2
3	5493	310.207165379024	3
3	5503	310.634604316193	2
3	5507	310.760804316193	2
3	5523	311.821965379024	2
3	5541	313.040165379024	4
3	5553	313.545004316193	2
3	5597	316.630565379024	2
3	5609	317.358965379024	2
3	5617	318.065165379024	2
3	5621	318.324365379024	2
3	5647	319.323365379024	2
3	5649	319.354004316193	2
3	5659	320.556565379024	2
3	5671	320.927765379024	3
3	5693	321.947965379024	2
3	5711	322.622165379024	2
3	5737	324.322604316193	2
3	5761	325.039804316193	2
3	5763	325.163165379024	2
3	5769	325.315365379024	2
3	5781	325.607565379024	3
3	5825	328.170204316193	3
3	5845	329.562604316193	3
3	5851	329.833804316193	3
3	5865	330.575365379024	2
3	5895	331.856765379024	2
3	5923	333.764804316193	3
3	5977	336.862765379024	3
3	5991	337.280965379024	3
3	5993	337.292165379024	2
3	6029	339.251365379024	2
3	6031	339.263404316193	2
3	6059	340.132965379024	4
3	6069	341.094165379024	2
3	6103	343.283804316193	2
3	6105	343.647004316193	2
3	6107	343.728204316193	2
3	6113	344.066404316193	2
3	6137	345.411604316193	2
3	6149	346.279804316193	2
3	6205	348.958565379024	2
3	6251	351.535965379024	2
3	6265	352.670404316193	3
3	6283	353.707604316193	2
3	6289	354.053804316193	3
3	6319	355.678204316193	2
3	6333	356.128365379024	2
3	6349	356.868765379024	2
3	6357	357.172965379024	2
3	6385	358.684604316193	2
3	6387	358.908804316193	2
3	6395	359.189365379024	2
3	6403	359.545565379024	3
3	6407	359.672004316193	2
3	6411	359.965765379024	3
3	6415	360.290204316193	2
3	6441	361.037404316193	2
3	6451	361.494165379024	2
3	6469	362.719365379024	2
3	6491	363.503565379024	3
3	6495	363.612765379024	2
3	6517	364.617965379024	2
3	6549	365.946804316193	2
3	6553	366.193365379024	2
3	6605	369.153965379024	2
3	6613	369.647165379024	2
3	6627	371.084604316193	2
3	6649	372.184804316193	2
3	6665	373.532004316193	3
3	6689	374.842604316193	3
3	6709	375.640765379024	2
3	6711	375.942804316193	2
3	6717	376.190965379024	2
3	6733	377.107365379024	2
3	6777	379.879804316193	2
3	6785	380.212004316193	3
3	6787	380.305204316193	3
3	6801	381.224404316193	2
3	6813	381.955765379024	2
3	6841	382.979365379024	2
3	6863	384.427804316193	2
3	6919	387.361765379024	2
3	6933	388.156965379024	2
3	6945	388.994365379024	3
3	6953	389.180565379024	2
3	7005	392.184404316193	2
3	7065	395.224204316193	2
3	7083	396.408404316193	3
3	7091	396.677165379024	2
3	7099	396.822804316193	3
3	7155	400.498404316193	3
3	7173	401.391604316193	2
3	7215	404.266204316193	2
3	7293	408.207765379024	2
3	7305	408.819965379024	2
3	7313	409.198804316193	2
3	7349	411.307365379024	2
3	7351	411.311565379024	2
3	7367	412.402765379024	2
3	7373	412.466965379024	2
3	7389	413.309165379024	2
3	7399	413.748365379024	4
3	7405	414.626565379024	4
3	7407	414.705765379024	3
3	7437	416.399204316193	2
3	7441	416.557404316193	2
3	7473	418.581965379024	2
3	7477	419.072604316193	2
3	7521	421.937804316193	2
3	7527	422.462565379024	2
3	7555	424.479965379024	2
3	7583	425.506004316193	3
3	7595	425.858165379024	2
3	7663	429.386004316193	3
3	7667	430.023165379024	2
3	7671	430.424365379024	2
3	7673	430.476565379024	2
3	7677	430.703204316193	2
3	7681	430.862765379024	2
3	7683	430.887965379024	2
3	7699	432.028165379024	3
3	7723	432.911404316193	2
3	7767	435.883804316193	2
3	7787	436.582204316193	2
3	7797	437.567365379024	2
3	7799	437.695404316193	2
3	7811	438.643565379024	3
3	7861	441.653204316193	2
3	7873	442.232965379024	2
3	7877	442.288165379024	2
3	7887	442.769404316193	2
3	7913	443.778365379024	2
3	7937	445.368804316193	2
3	7939	445.482004316193	3
3	7969	447.641204316193	2
3	7985	448.933565379024	2
3	7991	449.351765379024	2
3	8003	449.862965379024	2
3	8011	450.375165379024	2
3	8023	451.125365379024	2
3	8087	455.516804316193	2
3	8101	456.060204316193	2
3	8113	456.740404316193	2
3	8131	458.487604316193	2
3	8139	458.600804316193	2
3	8147	459.471004316193	3
3	8175	460.880165379024	2
3	8181	461.230365379024	2
3	8193	461.796565379024	3
3	8213	463.046765379024	3
3	8215	463.261404316193	2
3	8223	463.580604316193	2
3	8231	463.760804316193	2
3	8255	464.845365379024	3
3	8281	465.923565379024	2
3	8333	468.805765379024	2
3	8347	470.071804316193	3
3	8361	471.548004316193	2
3	8391	473.438604316193	3
3	8419	474.877165379024	2
3	8453	477.309365379024	2
3	8469	477.919565379024	3
3	8477	478.235765379024	3
3	8487	479.391965379024	2
3	8497	479.779165379024	3
3	8499	479.808365379024	3
3	8525	481.745404316193	3
3	8529	481.968565379024	2
3	8533	482.001604316193	2
3	8559	484.104965379024	2
3	8561	484.163165379024	4
3	8573	484.381565379024	2
3	8587	484.993404316193	3
3	8605	485.925604316193	3
3	8653	487.828204316193	2
3	8671	489.052365379024	2
3	8677	489.561565379024	3
3	8693	490.691965379024	3
3	8699	491.008165379024	2
3	8701	491.025404316193	3
3	8711	491.584804316193	2
3	8733	493.095004316193	2
3	8763	494.412565379024	2
3	8793	496.024204316193	2
3	8801	496.638965379024	2
3	8811	497.362165379024	2
3	8813	497.421365379024	2
3	8837	498.600004316193	2
3	8869	500.604204316193	2
3	8873	500.750565379024	2
3	8905	503.073965379024	3
3	8919	503.574365379024	3
3	8921	503.679565379024	3
3	8923	503.746765379024	3
3	8933	504.203804316193	3
3	8943	504.984965379024	2
3	8951	505.377004316193	3
3	8971	506.331565379024	3
3	8975	506.493765379024	2
3	8989	507.052965379024	2
3	9015	508.561604316193	2
3	9017	508.572565379024	2
3	9027	509.315765379024	3
3	9049	511.565204316193	3
3	9065	512.362404316193	2
3	9081	513.047604316193	3
3	9107	514.523165379024	2
3	9115	515.178365379024	2
3	9191	519.285404316193	2
3	9197	519.345604316193	2
3	9205	519.505804316193	2
3	9239	521.205365379024	2
3	9249	521.515565379024	3
3	9263	522.071404316193	2
3	9285	523.351765379024	2
3	9323	526.052004316193	2
3	9329	526.374365379024	4
3	9343	527.165565379024	2
3	9349	527.482204316193	2
3	9361	527.761965379024	2
3	9365	527.835404316193	2
3	9375	528.101804316193	2
3	9381	528.283004316193	2
3	9423	531.120204316193	2
3	9425	531.141165379024	2
3	9437	531.421365379024	3
3	9439	531.562565379024	2
3	9441	532.165765379024	3
3	9467	533.545965379024	2
3	9471	533.665165379024	2
3	9475	533.772365379024	2
3	9489	534.453565379024	3
3	9513	536.057765379024	2
3	9539	537.961804316193	3
3	9541	537.990004316193	2
3	9555	538.541165379024	2
3	9575	539.559204316193	3
3	9587	540.299404316193	2
3	9623	542.480565379024	3
3	9667	544.576004316193	2
3	9669	544.611204316193	2
3	9671	544.810404316193	2
3	9687	545.684765379024	4
3	9713	547.145165379024	2
3	9739	548.738004316193	2
3	9795	551.719804316193	2
3	9797	551.963004316193	3
3	9801	552.112204316193	3
3	9863	555.990804316193	2
3	9865	556.050365379024	4
3	9885	557.238565379024	2
3	9903	558.870004316193	2
3	9907	559.143765379024	2
3	9909	559.188965379024	2
3	9939	560.789604316193	2
3	9943	560.952165379024	2
3	9953	561.549804316193	2
3	9969	562.867365379024	2
3	10009	565.274004316193	3
3	10025	566.312765379024	2
3	10033	566.591965379024	2
3	10069	568.879365379024	2
3	10085	569.606565379024	2
3	10087	569.729765379024	2
3	10091	569.907965379024	2
3	10121	572.186165379024	3
3	10145	574.081365379024	2
3	10151	574.523565379024	3
3	10167	575.268004316193	2
3	10187	576.086965379024	2
3	10197	576.375165379024	3
3	10201	576.606365379024	2
3	10205	576.981204316193	2
3	10231	578.256565379024	2
3	10257	579.515604316193	2
3	10259	579.611965379024	3
3	10263	579.864804316193	2
3	10269	580.268165379024	2
3	10275	580.525004316193	3
3	10283	580.823204316193	2
3	10285	580.824365379024	2
3	10287	580.922565379024	2
3	10303	582.345604316193	3
3	10305	582.721765379024	2
3	10361	585.625365379024	2
3	10367	586.060565379024	2
3	10373	586.227765379024	2
3	10379	586.459965379024	2
3	10393	587.128165379024	3
3	10429	588.971365379024	2
3	10443	589.536565379024	2
3	10467	590.452765379024	3
3	10499	592.312965379024	2
3	10507	592.555165379024	3
3	10519	593.164604316193	3
3	10527	593.558804316193	2
3	10541	594.279604316193	2
3	10553	594.908365379024	2
3	10569	595.699565379024	2
3	10575	596.119004316193	3
3	10587	596.713765379024	3
3	10603	597.204404316193	3
3	10643	599.508165379024	2
3	10649	600.049365379024	3
3	10653	600.090404316193	3
3	10667	601.024565379024	2
3	10669	601.426604316193	3
3	10689	602.728765379024	2
3	10705	604.090965379024	2
3	10717	604.902165379024	2
3	10723	605.008365379024	2
3	10739	605.726565379024	2
3	10751	606.085765379024	2
3	10785	608.480204316193	2
3	10803	608.965165379024	3
3	10811	609.407365379024	3
3	10831	610.342765379024	2
3	10857	612.540965379024	3
3	10875	614.276204316193	3
3	10877	614.396404316193	2
3	10881	614.692604316193	3
3	10885	614.842165379024	3
3	10887	614.887365379024	2
3	10891	615.141565379024	2
3	10929	616.407765379024	2
3	10933	617.125965379024	2
3	10949	617.796365379024	2
3	10951	617.927804316193	3
3	10963	618.566565379024	2
3	10975	619.094604316193	2
3	11021	621.379165379024	2
3	11047	622.913204316193	2
3	11061	623.546365379024	2
3	11087	624.928765379024	2
3	11107	626.235965379024	2
3	11157	628.676165379024	2
3	11173	629.008365379024	3
3	11175	629.017565379024	2
3	11183	629.453604316193	2
3	11187	629.777765379024	3
3	11203	630.622004316193	2
3	11215	631.377204316193	2
3	11243	633.107965379024	2
3	11245	633.246165379024	2
3	11247	633.250365379024	2
3	11259	633.720565379024	2
3	11273	635.307765379024	3
3	11345	640.435204316193	2
3	11373	642.125604316193	2
3	11377	642.214365379024	2
3	11439	645.383765379024	2
3	11449	646.079965379024	2
3	11453	646.124204316193	3
3	11465	646.868365379024	2
3	11473	647.284404316193	2
3	11501	649.082804316193	2
3	11505	649.225004316193	2
3	11509	650.180165379024	3
3	11519	650.799365379024	2
3	11543	652.193404316193	2
3	11551	652.386604316193	2
3	11563	652.980804316193	3
3	11571	653.939765379024	3
3	11573	654.004965379024	2
3	11581	654.177365379024	2
3	11583	654.177565379024	2
3	11607	655.403965379024	4
3	11609	655.812604316193	2
3	11619	656.786165379024	2
3	11627	656.908365379024	2
3	11631	657.041204316193	3
3	11649	657.747565379024	2
3	11661	658.187404316193	2
3	11671	659.022604316193	3
3	11709	662.122965379024	4
3	11763	665.323404316193	2
3	11783	666.626365379024	2
3	11793	666.899004316193	2
3	11843	670.501165379024	2
3	11857	670.861204316193	2
3	11865	671.356365379024	2
3	11871	671.618565379024	2
3	11883	672.039765379024	2
3	11891	672.680965379024	2
3	11893	672.693004316193	2
3	11907	673.387204316193	2
3	11939	674.548565379024	2
3	11947	675.092604316193	3
3	11963	676.411804316193	2
3	11987	677.787204316193	3
3	12001	678.225765379024	2
3	12025	679.775965379024	2
3	12041	680.977604316193	2
3	12049	682.270804316193	3
3	12077	683.712165379024	3
3	12139	688.673765379024	3
3	12153	688.971165379024	2
3	12159	689.390365379024	3
3	12205	691.519565379024	2
3	12233	692.338004316193	2
3	12235	692.361765379024	2
3	12241	692.594204316193	2
3	12285	695.179404316193	2
3	12297	695.615604316193	2
3	12333	698.556765379024	2
3	12347	699.640965379024	2
3	12359	700.649365379024	2
3	12377	701.561404316193	2
3	12431	703.735004316193	2
3	12441	704.374204316193	2
3	12451	705.025565379024	2
3	12471	706.042404316193	2
3	12505	707.732604316193	2
3	12527	708.642004316193	2
3	12573	711.523765379024	4
3	12589	712.366965379024	2
3	12595	712.593165379024	3
3	12605	713.370365379024	2
3	12623	714.128565379024	2
3	12625	714.173604316193	2
3	12629	714.228804316193	2
3	12631	714.326765379024	3
3	12637	714.571965379024	2
3	12649	715.630165379024	3
3	12655	715.720004316193	2
3	12657	715.750204316193	2
3	12687	716.734365379024	2
3	12693	717.431404316193	3
3	12697	718.052604316193	2
3	12703	718.178765379024	2
3	12705	718.246804316193	3
3	12707	718.277004316193	2
3	12713	718.501965379024	2
3	12741	720.001165379024	2
3	12769	721.268604316193	3
3	12781	721.824804316193	2
3	12783	721.856365379024	2
3	12803	723.503565379024	3
3	12835	725.210965379024	3
3	12865	726.654565379024	3
3	12915	728.574204316193	2
3	12951	730.723165379024	2
3	13019	735.131804316193	2
3	13039	735.791765379024	2
3	13057	736.903965379024	2
3	13069	737.446165379024	2
3	13091	738.415365379024	2
3	13115	739.195804316193	2
3	13121	739.695565379024	2
3	13125	739.814765379024	2
3	13129	740.014004316193	2
3	13131	740.025965379024	2
3	13147	740.730404316193	3
3	13157	740.873165379024	2
3	13177	741.854365379024	2
3	13243	745.132604316193	2
3	13249	745.861765379024	2
3	13257	746.161965379024	2
3	13325	750.683204316193	2
3	13345	751.768404316193	2
3	13377	752.970004316193	2
3	13451	756.714965379024	2
3	13479	757.991204316193	2
3	13485	758.292165379024	3
3	13487	758.404404316193	2
3	13551	762.599004316193	3
3	13567	763.632404316193	3
3	13587	765.518604316193	3
3	13629	767.504565379024	2
3	13647	768.359765379024	2
3	13659	768.721204316193	2
3	13665	769.154965379024	3
3	13673	769.328365379024	3
3	13681	769.808565379024	2
3	13685	770.114765379024	2
3	13697	770.453965379024	2
3	13711	771.026165379024	2
3	13713	771.263604316193	3
3	13729	771.965365379024	2
3	13735	772.205565379024	3
3	13737	772.250765379024	2
3	13745	772.534965379024	2
3	13757	772.969165379024	2
3	13797	776.162365379024	4
3	13807	776.513565379024	2
3	13841	777.733965379024	3
3	13907	780.796965379024	4
3	13911	780.959165379024	2
3	13929	781.876365379024	2
3	13935	782.184804316193	2
3	13941	782.765565379024	2
3	13943	782.791765379024	2
3	13981	785.096604316193	2
3	13997	785.829965379024	2
3	14017	786.688804316193	2
3	14029	787.930165379024	2
3	14065	791.783365379024	2
3	14081	793.056804316193	2
3	14115	794.716565379024	3
3	14197	797.813165379024	2
3	14201	798.224204316193	2
3	14205	798.286365379024	2
3	14223	799.923404316193	2
3	14279	803.762565379024	3
3	14301	805.082765379024	2
3	14315	805.814004316193	3
3	14321	806.185204316193	3
3	14323	806.189965379024	2
3	14339	807.499404316193	2
3	14375	809.069165379024	3
3	14381	809.372604316193	2
3	14385	809.377365379024	3
3	14387	809.544804316193	2
3	14389	809.589565379024	2
3	14395	810.280004316193	3
3	14397	810.544765379024	2
3	14433	812.652965379024	2
3	14489	816.731165379024	2
3	14503	817.727565379024	2
3	14511	817.969404316193	2
3	14519	818.202604316193	2
3	14521	818.331965379024	2
3	14527	818.360365379024	3
3	14533	818.965565379024	2
3	14549	819.724765379024	3
3	14583	821.290965379024	3
3	14615	823.496165379024	2
3	14623	823.831365379024	2
3	14641	825.186004316193	2
3	14649	825.312765379024	2
3	14683	826.567965379024	3
3	14721	828.954804316193	2
3	14725	829.366004316193	2
3	14729	829.923165379024	2
3	14739	830.324365379024	2
3	14749	830.706204316193	2
3	14751	830.888404316193	2
3	14775	831.544565379024	3
3	14787	832.301604316193	2
3	14791	832.789165379024	2
3	14807	833.439004316193	2
3	14821	834.279365379024	2
3	14841	835.360565379024	2
3	14851	835.734765379024	2
3	14853	835.787204316193	2
3	14867	836.936604316193	2
3	14873	837.033804316193	2
3	14875	837.056004316193	2
3	14879	837.271965379024	2
3	14891	838.380204316193	2
3	14899	838.733404316193	2
3	14903	838.847165379024	2
3	14921	839.537604316193	3
3	14945	840.808004316193	2
3	14967	842.214365379024	3
3	14977	842.843565379024	2
3	14979	842.848765379024	2
3	14983	843.418965379024	2
3	14987	843.492204316193	2
3	14993	843.606404316193	3
3	15019	845.600565379024	2
3	15045	846.759765379024	2
3	15047	846.874965379024	3
3	15061	847.893165379024	4
3	15065	848.044365379024	3
3	15067	848.061565379024	3
3	15079	848.529204316193	2
3	15091	848.820765379024	2
3	15095	849.015965379024	2
3	15105	849.641165379024	2
3	15135	851.405365379024	4
3	15141	851.770565379024	2
3	15163	852.808765379024	2
3	15169	853.039965379024	2
3	15173	853.354004316193	2
3	15217	855.222565379024	2
3	15231	856.692965379024	2
3	15239	856.965165379024	2
3	15263	858.199804316193	2
3	15301	859.700365379024	3
3	15303	859.810004316193	3
3	15305	859.869565379024	2
3	15331	861.343765379024	2
3	15353	862.612165379024	2
3	15357	862.962365379024	3
3	15359	862.976004316193	2
3	15363	862.994204316193	3
3	15391	865.097565379024	2
3	15401	865.819765379024	2
3	15405	865.967965379024	2
3	15411	866.486404316193	2
3	15421	867.139165379024	2
3	15431	867.503365379024	2
3	15473	870.092565379024	4
3	15475	870.202765379024	2
3	15513	872.568965379024	3
3	15529	873.645004316193	2
3	15575	875.824004316193	3
3	15603	877.388365379024	3
3	15625	878.861565379024	2
3	15629	879.081765379024	2
3	15659	880.953965379024	2
3	15671	881.390165379024	3
3	15675	881.669365379024	2
3	15693	883.245404316193	3
3	15705	883.887604316193	2
3	15739	885.504204316193	2
3	15751	886.465765379024	2
3	15757	886.968404316193	2
3	15761	886.983965379024	3
3	15799	889.694604316193	2
3	15801	889.699965379024	3
3	15803	889.701804316193	2
3	15811	890.591004316193	2
3	15833	892.125165379024	2
3	15837	892.248365379024	2
3	15867	893.958165379024	2
3	15875	894.144365379024	2
3	15891	895.068565379024	3
3	15903	895.467765379024	3
3	15921	896.102165379024	3
3	15943	897.527365379024	2
3	15957	898.160004316193	2
3	15967	898.839204316193	2
3	15985	899.098604316193	2
3	15989	899.165965379024	3
3	15997	899.590165379024	2
3	15999	899.624365379024	2
3	16005	899.953565379024	2
3	16037	901.025965379024	2
3	16057	902.282804316193	2
3	16083	903.331004316193	3
3	16111	905.956565379024	2
3	16113	905.982765379024	2
3	16147	907.846804316193	2
3	16151	907.984004316193	2
3	16153	908.041204316193	2
3	16167	908.823965379024	2
3	16181	909.613165379024	2
3	16185	909.935404316193	2
3	16193	911.038604316193	3
3	16203	911.492804316193	2
3	16207	911.804004316193	2
3	16233	913.505204316193	2
3	16291	917.887765379024	4
3	16327	919.744565379024	2
3	16349	920.939765379024	2
3	16351	921.010965379024	3
3	16359	921.197804316193	3
3	16363	921.588004316193	2
3	16365	921.640204316193	3
3	16401	923.335404316193	2
3	16405	923.364165379024	2
3	16417	924.043365379024	2
3	16427	924.310604316193	2
3	16443	925.216565379024	2
3	16447	925.519004316193	2
3	16489	927.435404316193	2
3	16513	928.551165379024	2
3	16537	929.454804316193	2
3	16559	930.545165379024	2
3	16567	931.150365379024	2
3	16571	931.253204316193	3
3	16573	931.253565379024	3
3	16599	932.831765379024	2
3	16625	933.900965379024	3
3	16645	934.844165379024	2
3	16689	938.315365379024	2
3	16697	938.632565379024	2
3	16699	938.831765379024	2
3	16709	939.114404316193	3
3	16717	939.736965379024	2
3	16743	941.195004316193	3
3	16751	941.708204316193	3
3	16767	942.627404316193	2
3	16771	942.928604316193	2
3	16777	943.060565379024	2
3	16779	943.097804316193	2
3	16799	944.420004316193	2
3	16813	945.144765379024	3
3	16815	945.207965379024	2
3	16821	945.384165379024	2
3	16825	945.566365379024	3
3	16835	945.792204316193	2
3	16857	946.530565379024	2
3	16917	949.817165379024	3
3	16919	949.857604316193	3
3	16925	949.914365379024	2
3	16937	950.750565379024	3
3	16971	952.406765379024	2
3	17003	953.741004316193	2
3	17019	954.799404316193	2
3	17057	956.175604316193	2
3	17101	958.313004316193	2
3	17135	960.290204316193	2
3	17139	960.708404316193	2
3	17155	961.218604316193	2
3	17185	962.515565379024	2
3	17207	963.840765379024	2
3	17213	964.356404316193	2
3	17263	966.470965379024	3
3	17267	966.484165379024	2
3	17277	967.509404316193	2
3	17281	967.566365379024	2
3	17287	967.701565379024	2
3	17289	967.783604316193	2
3	17293	968.208804316193	2
3	17297	968.267765379024	2
3	17303	968.805965379024	2
3	17325	971.076165379024	2
3	17353	973.056565379024	4
3	17355	973.199204316193	2
3	17371	973.822804316193	2
3	17417	976.240765379024	2
3	17421	976.410204316193	2
3	17439	976.887965379024	3
3	17443	976.901165379024	2
3	17465	978.231404316193	2
3	17477	978.869365379024	3
3	17483	979.076565379024	3
3	17487	979.179765379024	3
3	17489	979.339965379024	3
3	17519	980.510165379024	4
3	17523	980.599365379024	3
3	17525	980.656004316193	2
3	17551	981.534204316193	2
3	17573	982.567565379024	2
3	17597	983.530965379024	2
3	17609	983.983165379024	3
3	17611	984.013004316193	3
3	17643	985.208365379024	2
3	17697	988.525765379024	2
3	17725	990.075965379024	3
3	17735	990.413204316193	2
3	17737	990.508165379024	2
3	17751	990.836365379024	2
3	17765	991.800565379024	2
3	17839	995.351365379024	2
3	17853	996.526565379024	2
3	17899	998.074965379024	2
3	17919	999.162204316193	2

